ENSG00000171201	-15.21624317	15.30065912	0	0
ENSG00000171195	-14.90026811	14.92125769	0	0
ENSG00000162078	-14.86958553	14.91547495	0	0
ENSG00000126549	-13.90539518	13.99847968	0	0
ENSG00000185303	13.83984556	13.71542094	0	0
ENSG00000168484	13.25471941	13.13016804	0	0
ENSG00000122852	12.97204091	12.84742991	0	0
ENSG00000168878	12.9712639	12.84665272	0	0
ENSG00000126550	-12.8839983	12.97710919	0	0
ENSG00000090382	-4.26834765	13.06457625	0	0
ENSG00000211895	-2.797546589	12.82451252	4.29E-232	2.48E-228
ENSG00000096006	-8.809047328	11.31718151	2.09E-169	1.11E-165
ENSG00000205649	-11.49553534	11.55990314	1.89E-166	9.28E-163
ENSG00000134551	-11.05567202	11.14838199	3.78E-153	1.72E-149
ENSG00000211896	3.677998076	11.51018759	1.35E-152	5.74E-149
ENSG00000187533	-11.00956487	11.10225388	4.21E-148	1.68E-144
ENSG00000198886	-1.696358839	13.19974794	2.76E-144	1.04E-140
ENSG00000162896	-3.808247249	11.63055479	5.89E-143	2.08E-139
ENSG00000115414	5.757907608	10.76993328	2.63E-129	8.80E-126
ENSG00000175899	3.466332952	11.36362147	3.22E-129	1.03E-125
ENSG00000131686	-10.71296614	10.80550142	1.08E-120	3.27E-117
ENSG00000159763	-10.84427493	10.92375141	3.28E-120	9.49E-117
ENSG00000211890	-5.181417462	11.48877842	9.19E-116	2.54E-112
ENSG00000167748	-10.86168256	10.92699225	4.19E-109	1.11E-105
ENSG00000198804	-1.24944333	13.53439916	9.43E-108	2.40E-104
ENSG00000157765	5.634762426	10.48442321	2.38E-106	5.82E-103
ENSG00000198888	-1.933028873	11.88484288	1.40E-72	3.31E-69
ENSG00000198763	-1.822138536	11.90588359	5.12E-67	1.16E-63
ENSG00000087460	-2.385205554	11.3059309	1.58E-66	3.46E-63
ENSG00000165795	-4.613330814	10.22214761	5.10E-64	1.08E-60
ENSG00000116016	4.063995129	10.43211166	9.55E-63	1.96E-59
ENSG00000210082	-1.405634454	12.36680237	5.70E-60	1.13E-56
ENSG00000198938	-1.96844227	12.75890522	8.13E-59	1.57E-55
ENSG00000198727	-1.395640362	12.35483022	1.25E-58	2.35E-55
ENSG00000087086	2.665975836	10.66098981	8.64E-58	1.57E-54
ENSG00000160862	-9.459415935	9.550775696	1.08E-50	1.92E-47
ENSG00000131400	7.056665248	9.178378886	3.53E-46	6.07E-43
ENSG00000012223	-7.278175779	9.757577059	1.97E-44	3.29E-41
ENSG00000075624	1.697997086	11.26933694	1.97E-43	3.22E-40
ENSG00000198502	4.283864298	9.346106588	4.28E-41	6.82E-38
ENSG00000198712	-1.602168924	11.95262579	5.01E-40	7.78E-37
ENSG00000167419	-9.420791153	9.481294074	1.47E-39	2.23E-36
ENSG00000167972	4.477591414	9.178378127	2.31E-37	3.42E-34
ENSG00000181617	-8.898149802	8.988536875	4.65E-35	6.72E-32
ENSG00000196126	2.545950116	9.97724122	1.38E-34	1.96E-31
ENSG00000198959	4.753960362	8.977237241	1.42E-34	1.96E-31
ENSG00000132465	-2.587270466	10.08100858	2.46E-32	3.34E-29
ENSG00000204525	1.81452496	10.64319536	4.64E-32	6.15E-29
ENSG00000204287	1.866966703	10.54697939	1.83E-31	2.38E-28
ENSG00000078081	6.462890195	8.588463825	7.91E-31	1.01E-27
ENSG00000066405	8.910520287	8.807583476	4.63E-30	5.78E-27
ENSG00000204305	8.897491389	8.794752624	7.59E-30	9.30E-27
ENSG00000166482	4.34102003	8.834041628	2.48E-29	2.98E-26
ENSG00000213853	5.624450853	8.603260768	4.07E-29	4.80E-26
ENSG00000131050	-8.840787224	8.911029398	7.10E-29	8.22E-26
ENSG00000013588	5.578758946	8.558406309	3.16E-28	3.60E-25
ENSG00000147065	2.889357276	9.406405737	3.31E-28	3.69E-25
ENSG00000105974	4.392219604	9.123462971	4.42E-28	4.86E-25
ENSG00000116133	3.242344065	9.10749314	1.88E-26	2.03E-23
ENSG00000134827	-8.453831983	8.543087043	1.50E-25	1.59E-22
ENSG00000196924	1.678743067	10.46833713	4.82E-25	5.03E-22
ENSG00000115112	-5.473091361	8.837705373	6.11E-24	6.27E-21
ENSG00000139329	4.524134863	8.77870723	2.67E-23	2.70E-20
ENSG00000245532	-1.298677824	11.13827675	3.24E-23	3.23E-20
ENSG00000111215	-8.513785027	8.584103999	6.29E-23	6.17E-20
ENSG00000100234	2.276356338	9.573515402	1.46E-22	1.40E-19
ENSG00000084234	2.023647418	9.834043809	2.19E-22	2.08E-19
ENSG00000197746	1.515588645	10.50819235	6.24E-22	5.84E-19
ENSG00000189058	-5.912781641	8.431482922	7.22E-22	6.67E-19
ENSG00000204592	1.574822732	10.6772859	1.03E-21	9.40E-19
ENSG00000133661	8.184161146	8.054696226	1.73E-21	1.55E-18
ENSG00000197249	8.267539601	8.148307703	2.77E-21	2.45E-18
ENSG00000106351	-5.088064976	8.480328911	2.81E-21	2.45E-18
ENSG00000069122	5.170057938	8.160737684	8.52E-21	7.33E-18
ENSG00000179344	3.7178663	8.464283069	2.11E-20	1.79E-17
ENSG00000070756	-1.54481708	10.44796551	1.09E-19	9.13E-17
ENSG00000182718	2.526613511	9.158476273	1.11E-19	9.22E-17
ENSG00000124107	-2.309579026	10.15016236	1.57E-19	1.28E-16
ENSG00000205542	1.530867997	10.31498427	1.59E-19	1.28E-16
ENSG00000086548	4.622546388	8.158854201	1.71E-19	1.36E-16
ENSG00000107742	5.786896024	7.919285853	2.17E-19	1.71E-16
ENSG00000211445	3.496384224	8.448112029	6.07E-19	4.71E-16
ENSG00000151882	-5.67714189	8.197993562	2.17E-18	1.66E-15
ENSG00000136153	5.063507941	8.067481705	6.34E-18	4.81E-15
ENSG00000064989	5.661868384	7.795903064	6.95E-18	5.20E-15
ENSG00000171885	7.874153078	7.743519531	2.84E-17	2.10E-14
ENSG00000188906	5.52496852	7.661076936	2.28E-16	1.67E-13
ENSG00000148175	3.662138126	8.19814531	2.93E-16	2.12E-13
ENSG00000096088	7.874153078	7.757173622	4.11E-16	2.94E-13
ENSG00000099994	7.734602753	7.603257639	4.44E-16	3.14E-13
ENSG00000104332	-4.877254523	8.259011244	4.57E-16	3.20E-13
ENSG00000196616	3.490292351	8.256568911	7.89E-16	5.46E-13
ENSG00000176387	-5.616827207	8.124073284	1.05E-15	7.19E-13
ENSG00000131471	4.036570659	7.988548324	1.30E-15	8.72E-13
ENSG00000187498	4.036570659	7.988548325	1.30E-15	8.72E-13
ENSG00000090006	2.715598123	8.646760939	1.40E-15	9.31E-13
ENSG00000169710	3.07173047	8.380866342	1.53E-15	1.00E-12
ENSG00000158710	2.262335025	8.999777377	2.87E-15	1.86E-12
ENSG00000133026	4.421634877	7.980098663	3.10E-15	2.00E-12
ENSG00000139289	-3.609576918	8.292321151	6.32E-15	4.02E-12
ENSG00000129538	3.552343051	8.097072874	6.39E-15	4.03E-12
ENSG00000198682	5.37370289	7.512145956	1.43E-14	8.95E-12
ENSG00000103811	3.241351572	8.217447509	1.98E-14	1.22E-11
ENSG00000153395	3.708776359	7.988553581	2.09E-14	1.28E-11
ENSG00000164741	5.341448965	7.480418681	2.85E-14	1.73E-11
ENSG00000173369	4.036570659	8.002232628	3.08E-14	1.85E-11
ENSG00000125810	4.243395805	7.801752316	4.84E-14	2.88E-11
ENSG00000168685	7.513338843	7.380970915	1.16E-13	6.83E-11
ENSG00000141753	3.175494871	8.158473378	1.17E-13	6.83E-11
ENSG00000116299	-3.751228918	8.117823814	1.42E-13	8.23E-11
ENSG00000121335	-7.427092108	7.512103675	2.27E-13	1.29E-10
ENSG00000170373	-7.395569524	7.480390822	2.28E-13	1.29E-10
ENSG00000166292	7.478766009	7.346354341	2.39E-13	1.35E-10
ENSG00000142973	3.607902428	7.89545162	2.60E-13	1.45E-10
ENSG00000022267	3.529344499	8.089670241	5.25E-13	2.91E-10
ENSG00000136167	2.862978875	8.198001597	5.64E-13	3.10E-10
ENSG00000211897	3.106487522	8.097072618	6.97E-13	3.79E-10
ENSG00000163513	2.693410896	8.310476497	1.02E-12	5.52E-10
ENSG00000198899	-1.00460595	11.3588949	1.06E-12	5.65E-10
ENSG00000130164	4.470018084	7.480400361	1.34E-12	7.09E-10
ENSG00000102760	4.470018084	7.480448076	1.35E-12	7.10E-10
ENSG00000182795	3.357189757	7.919296699	1.67E-12	8.71E-10
ENSG00000198840	-1.633496354	9.830885642	2.23E-12	1.15E-09
ENSG00000211899	-1.910363059	9.755637004	2.39E-12	1.23E-09
ENSG00000104763	2.650490271	8.273950484	3.16E-12	1.61E-09
ENSG00000117289	1.066869204	10.51993442	3.63E-12	1.83E-09
ENSG00000156675	3.169550841	7.966022101	5.20E-12	2.61E-09
ENSG00000211459	-1.566546514	9.66626317	5.52E-12	2.75E-09
ENSG00000005884	3.471002563	7.769913916	5.92E-12	2.92E-09
ENSG00000137491	5.308457426	7.458961752	1.05E-11	5.12E-09
ENSG00000231389	1.677310453	9.292363319	1.19E-11	5.78E-09
ENSG00000135678	7.251882872	7.117829856	1.46E-11	6.99E-09
ENSG00000184530	-7.190436219	7.273929219	1.46E-11	6.99E-09
ENSG00000123384	2.419500059	8.397939285	1.60E-11	7.58E-09
ENSG00000099194	3.248728866	7.8214376	1.91E-11	9.00E-09
ENSG00000142748	5.168385836	7.31047886	1.96E-11	9.17E-09
ENSG00000105971	4.008441744	7.584371163	2.12E-11	9.83E-09
ENSG00000166557	-3.125944715	8.097065577	2.39E-11	1.10E-08
ENSG00000006074	7.210341064	7.076014069	2.91E-11	1.33E-08
ENSG00000161798	-3.423214301	8.105570132	3.32E-11	1.51E-08
ENSG00000139567	4.292695465	7.310504676	3.84E-11	1.73E-08
ENSG00000135821	1.839758255	8.977363427	4.63E-11	2.08E-08
ENSG00000163131	3.063091756	7.871428576	5.68E-11	2.53E-08
ENSG00000159189	2.844318698	8.032941947	5.75E-11	2.54E-08
ENSG00000196735	2.844318698	8.033000748	5.83E-11	2.56E-08
ENSG00000179776	4.366259846	7.390500617	6.02E-11	2.63E-08
ENSG00000186847	-7.075781874	7.158335893	1.19E-10	5.15E-08
ENSG00000188783	3.441991698	7.754722492	1.22E-10	5.26E-08
ENSG00000114353	2.53761962	8.411912016	1.38E-10	5.88E-08
ENSG00000125968	5.053616806	7.19803053	1.46E-10	6.21E-08
ENSG00000102024	3.006763591	7.821498751	1.78E-10	7.50E-08
ENSG00000211679	-2.131116242	9.049472187	1.85E-10	7.75E-08
ENSG00000165757	7.078016994	6.942745928	2.33E-10	9.65E-08
ENSG00000117983	-7.075781874	7.153997864	2.33E-10	9.65E-08
ENSG00000184009	0.932549715	10.62879752	2.49E-10	1.02E-07
ENSG00000138449	2.766639865	7.96582754	3.17E-10	1.28E-07
ENSG00000169504	2.766639865	7.965827526	3.17E-10	1.28E-07
ENSG00000128641	5.053616806	7.20303343	3.32E-10	1.34E-07
ENSG00000167996	7.078016994	6.945507302	3.46E-10	1.39E-07
ENSG00000101443	-2.724349113	8.138288376	3.92E-10	1.56E-07
ENSG00000054598	-3.712576019	7.688952155	4.49E-10	1.78E-07
ENSG00000116039	-6.993948652	7.076001554	4.66E-10	1.82E-07
ENSG00000104783	-6.993948652	7.075993731	4.67E-10	1.82E-07
ENSG00000111341	-1.772974818	9.010907885	5.97E-10	2.32E-07
ENSG00000124942	0.997957362	10.35049539	7.80E-10	3.01E-07
ENSG00000186081	-4.848995166	7.380800868	7.92E-10	3.04E-07
ENSG00000182010	6.982537886	6.846531693	9.32E-10	3.55E-07
ENSG00000150593	-2.792447501	8.01088526	9.82E-10	3.72E-07
ENSG00000136235	2.917919949	7.743434759	1.02E-09	3.84E-07
ENSG00000173376	4.928922425	7.076009484	1.08E-09	4.02E-07
ENSG00000071967	2.245025905	8.255334366	1.08E-09	4.02E-07
ENSG00000156076	4.090483083	7.118219624	1.14E-09	4.24E-07
ENSG00000134871	2.157318311	8.363587399	1.17E-09	4.32E-07
ENSG00000173706	3.036770338	7.632403303	1.29E-09	4.70E-07
ENSG00000150093	1.601428734	9.05471602	1.46E-09	5.30E-07
ENSG00000132688	3.68835566	7.27394896	1.49E-09	5.41E-07
ENSG00000197747	3.220727789	7.543135887	1.51E-09	5.45E-07
ENSG00000196352	2.351728166	8.13831477	1.56E-09	5.57E-07
ENSG00000110799	2.636149891	8.150240964	1.72E-09	6.11E-07
ENSG00000106991	2.887046535	7.71648255	1.83E-09	6.47E-07
ENSG00000088992	-6.90719304	6.988499053	1.87E-09	6.59E-07
ENSG00000116260	2.511122252	8.032941695	2.36E-09	8.27E-07
ENSG00000148303	-1.417001065	9.456145001	2.91E-09	1.01E-06
ENSG00000178372	-6.861777038	6.942729191	3.73E-09	1.29E-06
ENSG00000168610	2.362102123	8.032941545	4.04E-09	1.39E-06
ENSG00000166347	4.839371897	6.988549528	4.08E-09	1.40E-06
ENSG00000140105	2.948146495	7.780555318	4.70E-09	1.60E-06
ENSG00000113140	1.413134568	9.26467347	4.86E-09	1.65E-06
ENSG00000138080	6.932319195	6.803411018	4.95E-09	1.67E-06
ENSG00000107798	3.150733231	7.480399994	5.10E-09	1.71E-06
ENSG00000177469	2.104218232	8.488151388	5.37E-09	1.79E-06
ENSG00000122862	3.380809442	7.384348329	5.41E-09	1.79E-06
ENSG00000111859	3.68835566	7.282444403	6.00E-09	1.98E-06
ENSG00000142541	-1.156132514	9.901428078	7.34E-09	2.41E-06
ENSG00000108576	6.880289206	6.743464612	7.48E-09	2.44E-06
ENSG00000144908	-6.814884742	6.895384373	7.50E-09	2.44E-06
ENSG00000140937	3.95398272	6.988550912	7.92E-09	2.56E-06
ENSG00000007402	4.792422062	6.942964905	8.16E-09	2.62E-06
ENSG00000096696	-3.525229002	7.512061418	9.41E-09	3.01E-06
ENSG00000030582	1.86668817	8.697208588	1.07E-08	3.42E-06
ENSG00000149131	1.704834988	8.730278028	1.31E-08	4.14E-06
ENSG00000185499	2.669538414	7.716580629	1.34E-08	4.22E-06
ENSG00000092621	-6.766416941	6.846494741	1.50E-08	4.69E-06
ENSG00000100345	0.90846478	10.3979421	1.53E-08	4.78E-06
ENSG00000165168	4.743892789	6.895464338	1.54E-08	4.78E-06
ENSG00000018280	6.826312352	6.689305408	1.55E-08	4.78E-06
ENSG00000167460	1.719909433	8.689660645	1.60E-08	4.93E-06
ENSG00000197256	3.07716885	7.414920546	1.74E-08	5.31E-06
ENSG00000119535	4.133256625	7.166704099	1.87E-08	5.71E-06
ENSG00000010610	3.519580722	7.11783389	1.94E-08	5.89E-06
ENSG00000138821	2.40266136	7.943082576	2.13E-08	6.44E-06
ENSG00000170345	0.985723278	10.13829764	2.17E-08	6.51E-06
ENSG00000197956	2.020318206	8.255334117	2.31E-08	6.89E-06
ENSG00000143153	-2.149308593	8.32827247	2.37E-08	7.04E-06
ENSG00000076928	2.536383348	7.769906781	2.72E-08	8.05E-06
ENSG00000100219	-1.548680724	9.08657239	2.89E-08	8.53E-06
ENSG00000115221	4.693674098	6.846531567	2.98E-08	8.69E-06
ENSG00000145824	-6.716264075	6.795886573	2.98E-08	8.69E-06
ENSG00000100146	-6.716264075	6.795878306	2.99E-08	8.69E-06
ENSG00000019169	6.770237256	6.632500297	3.01E-08	8.72E-06
ENSG00000043039	-6.766416941	6.83996451	3.30E-08	9.50E-06
ENSG00000109971	1.735242005	9.002809529	3.58E-08	1.03E-05
ENSG00000090339	3.303291441	7.318728464	3.89E-08	1.11E-05
ENSG00000137857	3.47411075	7.076472821	3.92E-08	1.12E-05
ENSG00000226958	-0.648501504	11.68511768	4.11E-08	1.16E-05
ENSG00000198034	-1.189544763	10.03915055	4.28E-08	1.21E-05
ENSG00000011465	1.181531538	9.596155532	4.61E-08	1.29E-05
ENSG00000108654	1.150763916	9.639601098	4.87E-08	1.36E-05
ENSG00000004399	2.999650849	7.34609862	5.66E-08	1.57E-05
ENSG00000068650	2.721915983	7.573509338	5.73E-08	1.59E-05
ENSG00000256612	6.711894167	6.573529463	5.97E-08	1.65E-05
ENSG00000136352	6.711894167	6.573564353	6.00E-08	1.65E-05
ENSG00000197694	2.072871163	8.117878646	6.33E-08	1.73E-05
ENSG00000112715	3.262912409	7.282260653	6.73E-08	1.83E-05
ENSG00000171223	2.315605291	7.871993168	1.11E-07	3.02E-05
ENSG00000011201	6.711894167	6.580017165	1.18E-07	3.18E-05
ENSG00000165125	-6.554410893	6.632383085	1.19E-07	3.21E-05
ENSG00000142089	2.570529269	7.632537795	1.24E-07	3.32E-05
ENSG00000203747	3.378631642	6.98854625	1.31E-07	3.49E-05
ENSG00000136048	3.378631642	6.988616208	1.32E-07	3.51E-05
ENSG00000172889	3.905453447	6.942849596	1.33E-07	3.51E-05
ENSG00000168743	2.78821776	7.415205219	1.49E-07	3.92E-05
ENSG00000113645	-2.420936281	7.871167797	1.53E-07	4.00E-05
ENSG00000067560	1.791950571	8.644397126	1.66E-07	4.32E-05
ENSG00000214548	-3.844130893	7.266249681	2.01E-07	5.22E-05
ENSG00000138835	6.651091862	6.518350122	2.24E-07	5.79E-05
ENSG00000135862	3.089046532	7.117852751	2.28E-07	5.88E-05
ENSG00000143882	-6.496156633	6.573280372	2.44E-07	6.27E-05
ENSG00000171476	3.855234756	6.895447601	2.47E-07	6.29E-05
ENSG00000100292	6.587613867	6.44833086	2.47E-07	6.29E-05
ENSG00000143549	1.954989896	8.117830207	2.67E-07	6.77E-05
ENSG00000132470	-2.796414551	7.543131147	3.10E-07	7.84E-05
ENSG00000115594	3.378631642	6.995557701	3.25E-07	8.19E-05
ENSG00000143384	1.704834988	8.742334227	3.38E-07	8.46E-05
ENSG00000110321	1.120023375	9.488401984	3.69E-07	9.18E-05
ENSG00000105640	-1.490575335	8.895423129	3.69E-07	9.18E-05
ENSG00000160789	1.705141581	8.447979168	3.88E-07	9.62E-05
ENSG00000074527	3.042096697	7.076018461	4.18E-07	0.000103243
ENSG00000115306	1.276084621	9.739299774	4.23E-07	0.000104097
ENSG00000129250	2.291776954	7.716571636	4.42E-07	0.000108136
ENSG00000182492	2.222956757	7.795906981	4.52E-07	0.000110337
ENSG00000159335	3.276382962	6.895457583	4.64E-07	0.00011281
ENSG00000024422	2.16271902	7.871301989	4.68E-07	0.000112958
ENSG00000119280	3.803204766	6.846622792	4.68E-07	0.000112958
ENSG00000112972	6.521213803	6.380878405	4.78E-07	0.00011456
ENSG00000108244	-6.4354508	6.512070164	4.79E-07	0.00011456
ENSG00000185275	-6.4354508	6.512008132	4.82E-07	0.00011484
ENSG00000064651	-2.796414551	7.539848014	5.19E-07	0.000123322
ENSG00000070081	-2.761872927	7.512104309	5.42E-07	0.000128286
ENSG00000169926	2.91773001	7.281484395	5.57E-07	0.000131478
ENSG00000026025	1.692731485	8.565854889	5.65E-07	0.000132693
ENSG00000122786	1.839964146	8.198000594	6.12E-07	0.000143211
ENSG00000147526	2.254505331	7.826098598	6.17E-07	0.00014397
ENSG00000159840	1.935971299	8.010941695	7.28E-07	0.000169086
ENSG00000131771	-3.680332591	7.117797157	7.69E-07	0.000178031
ENSG00000229807	-1.626931001	8.588134382	7.79E-07	0.000179747
ENSG00000131446	2.66701734	7.310474514	7.84E-07	0.00018031
ENSG00000011347	-6.4354508	6.506849036	8.09E-07	0.000184062
ENSG00000072274	4.473249069	6.632456076	8.09E-07	0.000184062
ENSG00000109205	-4.197294987	6.743379143	8.09E-07	0.000184062
ENSG00000152601	2.079902261	7.919777345	8.14E-07	0.000184361
ENSG00000142871	2.285378745	7.85564443	8.54E-07	0.000192886
ENSG00000142173	1.359695152	8.883583661	9.17E-07	0.000206259
ENSG00000130787	-2.726483963	7.480379156	9.46E-07	0.000212008
ENSG00000103942	-6.372077947	6.447951357	9.56E-07	0.000212762
ENSG00000165238	-6.372077947	6.447918806	9.59E-07	0.000212762
ENSG00000076356	6.451609612	6.310533526	9.59E-07	0.000212762
ENSG00000077942	2.16271902	7.875778558	1.01E-06	0.000223833
ENSG00000137575	2.062132608	8.020550048	1.04E-06	0.000229781
ENSG00000174502	-2.544044212	7.573504868	1.07E-06	0.000235216
ENSG00000092841	1.944849993	7.919284166	1.21E-06	0.00026584
ENSG00000003436	2.943348733	6.988550474	1.40E-06	0.000305559
ENSG00000145147	2.943348733	6.98857242	1.41E-06	0.000305559
ENSG00000019582	0.470287982	11.96795157	1.49E-06	0.000322003
ENSG00000244734	4.412446764	6.573539195	1.55E-06	0.000335575
ENSG00000038945	3.749227913	6.795951909	1.63E-06	0.000348704
ENSG00000165810	3.749227913	6.795956457	1.63E-06	0.000348704
ENSG00000105329	3.749227913	6.795964407	1.64E-06	0.000348704
ENSG00000160255	2.495032845	7.380867466	1.64E-06	0.000348704
ENSG00000162511	1.992299464	8.06431995	1.68E-06	0.000356834
ENSG00000105223	1.844450436	8.032941034	1.77E-06	0.000375213
ENSG00000189377	6.378476316	6.236490231	1.91E-06	0.000397604
ENSG00000123838	6.378476316	6.236490991	1.91E-06	0.000397604
ENSG00000057294	-6.305792922	6.380842297	1.91E-06	0.000397604
ENSG00000171346	-6.305792922	6.380842261	1.91E-06	0.000397604
ENSG00000214128	-6.305792922	6.380842261	1.91E-06	0.000397604
ENSG00000170017	2.29951772	7.573509096	1.97E-06	0.000407624
ENSG00000130402	1.245939766	9.021970918	2.06E-06	0.000425562
ENSG00000084207	2.123947613	7.71706072	2.26E-06	0.000465408
ENSG00000182809	2.580163241	7.236494222	2.44E-06	0.000500584
ENSG00000102921	2.580163241	7.236593505	2.47E-06	0.000505565
ENSG00000130702	2.371252796	7.640544674	2.51E-06	0.000511444
ENSG00000168497	2.891318743	6.942751053	2.56E-06	0.000520626
ENSG00000162704	2.891318743	6.942837302	2.59E-06	0.00052425
ENSG00000179820	2.78540594	7.165602634	2.69E-06	0.000542968
ENSG00000095713	4.412446764	6.579561276	2.76E-06	0.000556217
ENSG00000197629	4.348968769	6.512129921	2.99E-06	0.000598071
ENSG00000144063	4.348968769	6.512129935	2.99E-06	0.000598071
ENSG00000134531	3.166331012	6.795993687	3.06E-06	0.000609849
ENSG00000137507	3.693152817	6.743556512	3.07E-06	0.000609849
ENSG00000161055	4.348968769	6.512433524	3.07E-06	0.000609849
ENSG00000123146	2.943348733	6.994823087	3.09E-06	0.000610569
ENSG00000109861	2.26226669	7.543220614	3.35E-06	0.00065965
ENSG00000101160	1.733505061	8.117829963	3.75E-06	0.000737954
ENSG00000134020	6.301436844	6.158486634	3.82E-06	0.000740286
ENSG00000171303	6.301436844	6.158486637	3.82E-06	0.000740286
ENSG00000163629	6.301436844	6.158495778	3.82E-06	0.000740286
ENSG00000105929	-6.236315131	6.310414666	3.83E-06	0.000740286
ENSG00000161638	6.301436844	6.158532771	3.83E-06	0.000740286
ENSG00000164265	6.301436844	6.158540482	3.84E-06	0.000740286
ENSG00000198643	-6.236315131	6.310115939	3.93E-06	0.000756412
ENSG00000109046	1.868930163	8.147939521	3.96E-06	0.000759521
ENSG00000034510	1.758390702	8.054636051	4.12E-06	0.000787384
ENSG00000115310	1.758390702	8.054665438	4.14E-06	0.000789022
ENSG00000204217	2.53469327	7.198017573	4.27E-06	0.000810976
ENSG00000100600	2.53469327	7.198074584	4.30E-06	0.000814346
ENSG00000124920	6.301436844	6.160555229	4.53E-06	0.000856059
ENSG00000112769	2.83734189	6.895444448	4.65E-06	0.000874241
ENSG00000149930	2.83734189	6.895444644	4.65E-06	0.000874241
ENSG00000092820	1.816254242	7.919284058	4.82E-06	0.000902577
ENSG00000129353	1.850174081	7.846607981	5.20E-06	0.000970115
ENSG00000079308	1.428219268	8.943063071	5.41E-06	0.001006418
ENSG00000178695	2.224028271	7.512119831	5.55E-06	0.001023981
ENSG00000081237	2.089374779	7.688986321	5.55E-06	0.001023981
ENSG00000113721	2.224028271	7.512132691	5.56E-06	0.001023981
ENSG00000231500	-1.060391063	9.439751738	5.56E-06	0.001023981
ENSG00000168461	3.107987923	6.743478104	5.67E-06	0.001040101
ENSG00000127329	3.634809728	6.689051228	5.68E-06	0.001040101
ENSG00000128512	4.282568705	6.447992457	5.73E-06	0.00104554
ENSG00000102575	3.107987923	6.743627577	5.76E-06	0.001048384
ENSG00000149564	4.282568705	6.448107035	5.79E-06	0.001050143
ENSG00000144713	-1.433567647	8.688804236	6.14E-06	0.001103764
ENSG00000167552	2.639708141	7.032940185	6.17E-06	0.001103764
ENSG00000173193	2.639708141	7.032951498	6.17E-06	0.001103764
ENSG00000178726	2.639708141	7.03295951	6.18E-06	0.001103764
ENSG00000161921	2.639708141	7.032961913	6.18E-06	0.001103764
ENSG00000130203	2.639708141	7.03297025	6.19E-06	0.001103764
ENSG00000149428	2.639708141	7.032993885	6.21E-06	0.001103797
ENSG00000127603	1.336429587	8.702880514	6.40E-06	0.001135473
ENSG00000240583	1.637837947	8.198000333	7.25E-06	0.0012819
ENSG00000145860	2.453491038	7.353132524	7.42E-06	0.001306779
ENSG00000087074	2.487743435	7.158471145	7.43E-06	0.001306779
ENSG00000130147	-3.146072229	7.151878463	7.62E-06	0.001331695
ENSG00000196260	6.220050263	6.076027041	7.64E-06	0.001331695
ENSG00000157087	-6.163321369	6.236451851	7.64E-06	0.001331695
ENSG00000047936	6.220050263	6.076050158	7.65E-06	0.001331695
ENSG00000085265	6.220050263	6.076148145	7.71E-06	0.001337563
ENSG00000012171	6.220050263	6.076180286	7.73E-06	0.001337563
ENSG00000068697	1.656620413	8.138293995	8.14E-06	0.001405266
ENSG00000088387	2.309073298	7.41807868	8.17E-06	0.001405745
ENSG00000135374	-3.49552666	6.942716718	8.45E-06	0.001450543
ENSG00000089157	-1.177190843	9.619318646	8.73E-06	0.001494473
ENSG00000164442	2.267531491	7.380875297	8.98E-06	0.0015328
ENSG00000099331	2.267531491	7.381054177	9.19E-06	0.001565055
ENSG00000171992	2.18474869	7.480413157	9.27E-06	0.001573544
ENSG00000162909	1.356265899	8.720108873	9.75E-06	0.001651192
ENSG00000138071	1.59472056	8.236492232	9.81E-06	0.001656963
ENSG00000165949	3.634809728	6.695058325	1.01E-05	0.001689016
ENSG00000168477	3.634809728	6.695060648	1.01E-05	0.001689016
ENSG00000135046	1.369276404	8.588534236	1.03E-05	0.001721305
ENSG00000174640	3.047185618	6.688994962	1.05E-05	0.001750507
ENSG00000142669	3.047185618	6.688994975	1.05E-05	0.001750507
ENSG00000125398	-3.958969008	6.512082529	1.10E-05	0.001825433
ENSG00000091317	2.587678151	6.988607392	1.10E-05	0.001825433
ENSG00000155066	-3.958969008	6.51185222	1.12E-05	0.001856439
ENSG00000100994	-1.65849597	8.306457393	1.34E-05	0.002215999
ENSG00000011028	2.587678151	6.990717858	1.40E-05	0.002295807
ENSG00000048740	6.13379649	5.988562232	1.53E-05	0.002459284
ENSG00000065054	2.224757949	7.346191319	1.53E-05	0.002459284
ENSG00000119411	-6.086436722	6.158450803	1.53E-05	0.002459284
ENSG00000112782	6.13379649	5.988569952	1.53E-05	0.002459284
ENSG00000118257	6.13379649	5.988569954	1.53E-05	0.002459284
ENSG00000121075	6.13379649	5.988569957	1.53E-05	0.002459284
ENSG00000126254	6.13379649	5.988571804	1.53E-05	0.002459284
ENSG00000101441	-6.086436722	6.158410879	1.53E-05	0.002459284
ENSG00000137834	6.13379649	5.988610275	1.53E-05	0.002459284
ENSG00000169418	6.13379649	5.988610275	1.53E-05	0.002459284
ENSG00000071242	2.224757949	7.346519919	1.59E-05	0.002545537
ENSG00000128052	3.574007422	6.638181929	1.78E-05	0.002838583
ENSG00000003402	1.78583334	7.997143541	1.85E-05	0.002939066
ENSG00000063177	-1.323515698	8.716437413	1.90E-05	0.003024472
ENSG00000106546	2.533701298	6.942763639	1.94E-05	0.003061217
ENSG00000154175	2.533701298	6.942774746	1.94E-05	0.003061217
ENSG00000120156	2.983707623	6.632448342	1.95E-05	0.003076393
ENSG00000153446	2.983707623	6.632632185	1.99E-05	0.003122691
ENSG00000121068	4.139831219	6.310490927	2.10E-05	0.003277045
ENSG00000235750	4.139831219	6.310490938	2.10E-05	0.003277045
ENSG00000148158	4.139831219	6.310512894	2.10E-05	0.003277045
ENSG00000124275	4.139831219	6.310512875	2.10E-05	0.003277045
ENSG00000142192	1.032932451	9.236475351	2.20E-05	0.00341567
ENSG00000111275	2.267531491	7.387948816	2.21E-05	0.003419502
ENSG00000002549	2.388995471	7.076008848	2.24E-05	0.003441432
ENSG00000134954	2.388995471	7.076011576	2.24E-05	0.003441432
ENSG00000173372	2.388995471	7.07601261	2.24E-05	0.003441432
ENSG00000196730	2.388995471	7.076050578	2.25E-05	0.003447878
ENSG00000125730	1.228306588	9.180024048	2.26E-05	0.003452035
ENSG00000168615	2.388995471	7.076143438	2.27E-05	0.003467251
ENSG00000166888	1.980388674	7.60325623	2.39E-05	0.003629885
ENSG00000150938	1.980388674	7.603261899	2.39E-05	0.003629885
ENSG00000163453	2.274217133	7.198037229	2.45E-05	0.003707704
ENSG00000143416	1.755606793	7.973518116	2.47E-05	0.003741468
ENSG00000137076	1.318948966	8.942119754	2.50E-05	0.003768524
ENSG00000119655	2.036936334	7.512183186	2.52E-05	0.003786636
ENSG00000198478	-2.323180355	7.380860145	2.53E-05	0.003803457
ENSG00000060237	2.10282785	7.41481099	2.55E-05	0.003813721
ENSG00000074181	2.722923705	6.795910821	2.75E-05	0.004097179
ENSG00000116871	2.722923705	6.795912356	2.75E-05	0.004097179
ENSG00000144802	-1.762552016	7.895399101	3.03E-05	0.004419245
ENSG00000115523	6.042056139	5.895454558	3.06E-05	0.004419245
ENSG00000149781	6.042056139	5.89545456	3.06E-05	0.004419245
ENSG00000140450	6.042056139	5.895455201	3.06E-05	0.004419245
ENSG00000154783	6.042056139	5.895455203	3.06E-05	0.004419245
ENSG00000114270	-6.005222915	6.075987018	3.06E-05	0.004419245
ENSG00000124205	-6.005222915	6.075987016	3.06E-05	0.004419245
ENSG00000078898	-6.005222915	6.075986988	3.06E-05	0.004419245
ENSG00000105641	-6.005222915	6.075986985	3.06E-05	0.004419245
ENSG00000137976	-6.005222915	6.075969299	3.06E-05	0.004419245
ENSG00000005381	-6.005222915	6.075969204	3.06E-05	0.004419245
ENSG00000170367	-6.005222915	6.075969203	3.06E-05	0.004419245
ENSG00000011600	6.042056139	5.895474779	3.06E-05	0.004419245
ENSG00000137462	6.042056139	5.895477913	3.06E-05	0.004419245
ENSG00000131746	-6.005222915	6.075889089	3.08E-05	0.004428268
ENSG00000074370	-1.622008635	8.354718216	3.08E-05	0.004428268
ENSG00000006534	6.042056139	5.895603661	3.09E-05	0.004428268
ENSG00000206538	6.042056139	5.895646182	3.10E-05	0.004429283
ENSG00000012779	4.139831219	6.315447541	3.11E-05	0.004443168
ENSG00000166340	2.321166968	7.243078553	3.14E-05	0.00446857
ENSG00000107099	3.510529427	6.578753994	3.14E-05	0.004469528
ENSG00000109654	-2.961266298	6.988521459	3.40E-05	0.004816787
ENSG00000139083	-2.961266298	6.988518616	3.40E-05	0.004816787
ENSG00000047644	3.444129363	6.512126652	3.59E-05	0.00507336
ENSG00000184014	3.444129363	6.512149575	3.60E-05	0.00507336
ENSG00000137486	3.444129363	6.512225466	3.63E-05	0.005093434
ENSG00000106538	3.444129363	6.512249606	3.63E-05	0.005093434
ENSG00000185624	-1.018258736	9.292321876	3.81E-05	0.005333048
ENSG00000158467	2.336965481	7.032945031	3.86E-05	0.00538809
ENSG00000134243	2.336965481	7.033018676	3.89E-05	0.005407512
ENSG00000162654	2.336965481	7.033018687	3.89E-05	0.005407512
ENSG00000117318	4.062791747	6.236488674	4.01E-05	0.005509083
ENSG00000144810	4.062791747	6.236488677	4.01E-05	0.005509083
ENSG00000148735	-3.823206192	6.380844278	4.01E-05	0.005509083
ENSG00000116701	4.062791747	6.236497353	4.01E-05	0.005509083
ENSG00000031081	4.062791747	6.23653941	4.03E-05	0.005509083
ENSG00000066336	4.062791747	6.236539411	4.03E-05	0.005509083
ENSG00000109610	6.042056139	5.899612653	4.03E-05	0.005509083
ENSG00000160867	6.042056139	5.899422709	4.03E-05	0.005509083
ENSG00000173482	2.13520742	7.273948311	4.23E-05	0.005765643
ENSG00000148218	-2.28284389	7.345979979	4.29E-05	0.005830838
ENSG00000172757	1.65112369	7.795901281	4.71E-05	0.006397137
ENSG00000196975	2.662121399	6.743446227	4.93E-05	0.006679023
ENSG00000092964	2.274217133	7.204341789	5.05E-05	0.006827514
ENSG00000072310	-1.793032624	7.795886301	5.22E-05	0.007040511
ENSG00000125868	1.336429587	8.712812885	5.30E-05	0.007130566
ENSG00000140526	1.857728949	7.632430551	5.73E-05	0.007692049
ENSG00000111412	5.944083509	5.79591736	6.11E-05	0.008136369
ENSG00000197045	5.944083509	5.795925995	6.11E-05	0.008136369
ENSG00000155792	-5.919163182	5.988517683	6.11E-05	0.008136369
ENSG00000154065	5.944083509	5.795968255	6.13E-05	0.008136369
ENSG00000268388	5.944083509	5.795976444	6.13E-05	0.008136369
ENSG00000168481	5.944083509	5.795976445	6.13E-05	0.008136369
ENSG00000102879	2.282988628	6.988549819	6.62E-05	0.008767068
ENSG00000198648	-2.620731917	7.075872008	6.71E-05	0.008864472
ENSG00000186635	2.175469169	7.117837368	6.97E-05	0.009185261
ENSG00000134109	2.175469169	7.117858766	6.98E-05	0.009185261
ENSG00000114978	2.175469169	7.117874218	7.00E-05	0.009185261
ENSG00000166750	2.175469169	7.117959068	7.06E-05	0.009249573
ENSG00000211938	-5.919163182	5.985681717	7.36E-05	0.009603987
ENSG00000170153	-5.919163182	5.98567979	7.36E-05	0.009603987
ENSG00000164733	1.095719751	9.339628451	7.58E-05	0.009866672
ENSG00000096060	3.981405166	6.158487889	7.64E-05	0.009903198
ENSG00000137699	-3.75021243	6.310436306	7.65E-05	0.009903198
ENSG00000077943	3.981405166	6.158510317	7.65E-05	0.009903198
ENSG00000112699	-3.75021243	6.310371091	7.69E-05	0.009911389
ENSG00000156804	-3.75021243	6.310369835	7.69E-05	0.009911389
ENSG00000213626	3.981405166	6.158629814	7.72E-05	0.009927234
ENSG00000112936	1.341427986	8.363852547	7.74E-05	0.009935587
ENSG00000137154	-0.973658975	9.882823752	7.93E-05	0.010163967
ENSG00000135677	1.781936673	7.688999135	8.19E-05	0.010468353
ENSG00000112531	2.015973752	7.348176811	8.74E-05	0.011153312
ENSG00000088899	-2.69100599	6.743404847	8.82E-05	0.011217684
ENSG00000196187	-1.762552016	7.888332421	8.83E-05	0.011217684
ENSG00000163399	-0.995501496	9.731533545	9.45E-05	0.011991239
ENSG00000114812	3.374525172	6.452768772	9.80E-05	0.012402626
ENSG00000205336	-2.859154098	6.895407561	0.000103971	0.013135868
ENSG00000143226	3.981405166	6.162739315	0.000104579	0.013186469
ENSG00000112773	-1.960824054	7.480395896	0.000106065	0.013347469
ENSG00000187514	0.946456045	9.207716031	0.000109857	0.01379739
ENSG00000110092	1.713424304	7.743478549	0.000114294	0.014326404
ENSG00000103994	2.039728313	7.197999327	0.000116186	0.014517205
ENSG00000112245	2.039728313	7.198006092	0.000116273	0.014517205
ENSG00000170458	2.123439179	7.076008717	0.00011686	0.014561938
ENSG00000166025	2.123439179	7.076060558	0.000117506	0.014597814
ENSG00000115884	2.123439179	7.076070062	0.000117606	0.014597814
ENSG00000143947	-1.530767789	8.284081614	0.000117995	0.014617661
ENSG00000108679	-0.892682762	9.431484671	0.000118311	0.014628234
ENSG00000163359	1.384490983	8.217368517	0.000120728	0.014898262
ENSG00000025039	-3.034902641	6.512077815	0.000121402	0.014952368
ENSG00000087157	5.838969716	5.689003797	0.000122214	0.014956782
ENSG00000159713	5.838969716	5.68900443	0.000122218	0.014956782
ENSG00000261143	5.838969716	5.689023548	0.000122362	0.014956782
ENSG00000111452	5.838969716	5.689026587	0.000122377	0.014956782
ENSG00000011304	1.627939342	7.8785364	0.000123464	0.015060758
ENSG00000075785	1.744685643	7.661015501	0.00012827	0.015614389
ENSG00000118523	1.713424304	7.747616414	0.000128493	0.015614389
ENSG00000147676	2.983707623	6.637676367	0.000136165	0.016515164
ENSG00000115677	-1.019193107	9.194072041	0.000142107	0.017203098
ENSG00000154734	3.895151393	6.076031779	0.000145203	0.017366648
ENSG00000165025	3.895151393	6.076031782	0.000145203	0.017366648
ENSG00000241755	-3.673327782	6.236447158	0.000145216	0.017366648
ENSG00000168528	-3.673327782	6.236446945	0.000145217	0.017366648
ENSG00000164035	3.895151393	6.076033573	0.000145217	0.017366648
ENSG00000167741	-3.673327782	6.236416892	0.000145532	0.017366648
ENSG00000157551	3.895151393	6.076077013	0.00014564	0.017366648
ENSG00000113161	3.895151393	6.076077014	0.00014564	0.017366648
ENSG00000091136	1.780210948	7.573924232	0.000149368	0.017777881
ENSG00000156508	-0.319347549	12.23051918	0.000156415	0.018521935
ENSG00000135218	1.820949834	7.480411482	0.000156669	0.018521935
ENSG00000104067	2.917307559	6.573520011	0.000156686	0.018521935
ENSG00000128245	2.53224334	6.632435976	0.000156986	0.018521935
ENSG00000127951	2.917307559	6.573554305	0.000157124	0.018521935
ENSG00000223865	1.187520058	8.512108757	0.000157635	0.018521935
ENSG00000170989	2.53224334	6.63248736	0.000157656	0.018521935
ENSG00000131236	1.3992036	8.097104689	0.000166911	0.019573112
ENSG00000023191	1.868161396	7.380872123	0.000170352	0.019939895
ENSG00000065154	-1.921584753	7.447915108	0.000171348	0.020019793
ENSG00000260032	1.093920959	8.743491562	0.000174318	0.0203294
ENSG00000013364	1.677110952	7.716466754	0.000175167	0.020341195
ENSG00000140391	1.579388615	7.74343373	0.000175167	0.020341195
ENSG00000119681	1.579388615	7.743443055	0.000175377	0.020341195
ENSG00000141367	1.615701967	7.776531995	0.00018956	0.021946177
ENSG00000103187	1.989509622	7.158496123	0.000191613	0.022104635
ENSG00000151617	3.895151393	6.080029273	0.000191623	0.022104635
ENSG00000138293	1.40758143	8.0329674	0.00019509	0.022440413
ENSG00000184347	2.069462326	7.032944248	0.000195238	0.022440413
ENSG00000108219	1.739831916	7.543134982	0.000222289	0.025503511
ENSG00000087274	1.416772694	7.965840235	0.000227388	0.026041683
ENSG00000126247	1.487867752	7.769905896	0.0002345	0.026807886
ENSG00000100316	-0.585344913	10.46832019	0.000235231	0.026843297
ENSG00000124731	5.725591304	5.573524852	0.000244384	0.027410483
ENSG00000134917	5.725591304	5.573524854	0.000244384	0.027410483
ENSG00000007216	-5.729919982	5.795872812	0.0002445	0.027410483
ENSG00000163975	-5.729919982	5.79587281	0.0002445	0.027410483
ENSG00000198768	-5.729919982	5.795872809	0.0002445	0.027410483
ENSG00000090530	5.725591304	5.573533616	0.000244506	0.027410483
ENSG00000136155	5.725591304	5.573533618	0.000244506	0.027410483
ENSG00000179348	5.725591304	5.573533619	0.000244506	0.027410483
ENSG00000198189	5.725591304	5.573533621	0.000244506	0.027410483
ENSG00000198848	5.725591304	5.573533622	0.000244506	0.027410483
ENSG00000088836	-5.729919982	5.795838086	0.000244972	0.027414481
ENSG00000116584	1.778176292	7.44797767	0.000247133	0.027607739
ENSG00000101347	1.778176292	7.448001866	0.0002478	0.027633855
ENSG00000073921	1.923553946	7.277150609	0.000259466	0.028884161
ENSG00000111640	-0.955716586	9.086573821	0.000269948	0.029998591
ENSG00000136854	3.803411042	5.988582006	0.000275326	0.030191457
ENSG00000035664	3.803411042	5.98858495	0.000275363	0.030191457
ENSG00000114378	3.803411042	5.988584951	0.000275363	0.030191457
ENSG00000111252	3.803411042	5.988584978	0.000275363	0.030191457
ENSG00000129968	2.847703368	6.512118028	0.000277407	0.030191457
ENSG00000196628	2.847703368	6.512118031	0.000277408	0.030191457
ENSG00000139990	2.462639149	6.573521955	0.000277498	0.030191457
ENSG00000177189	2.462639149	6.573523321	0.000277524	0.030191457
ENSG00000052802	2.847703368	6.512126314	0.000277581	0.030191457
ENSG00000115756	2.847703368	6.512126333	0.000277581	0.030191457
ENSG00000160593	2.462639149	6.573529235	0.000277655	0.030191457
ENSG00000138107	2.462639149	6.573529281	0.000277655	0.030191457
ENSG00000241644	2.847703368	6.512140137	0.000277879	0.030191457
ENSG00000064999	2.462639149	6.573558352	0.000278321	0.030191457
ENSG00000178104	3.224352405	6.314748341	0.000303411	0.032857183
ENSG00000163931	1.667167643	7.603269769	0.000306415	0.033126157
ENSG00000196154	1.937479632	7.117831351	0.000312674	0.033745473
ENSG00000131724	2.295002812	6.743661099	0.000316694	0.034121538
ENSG00000197081	2.01338723	6.988557645	0.000324479	0.034901243
ENSG00000135373	-2.314653563	7.112381483	0.000330268	0.035404261
ENSG00000111144	2.069462326	7.038265261	0.000330268	0.035404261
ENSG00000026508	-0.815246103	9.504241134	0.000333998	0.035743972
ENSG00000164659	3.803411042	5.992290356	0.000350895	0.037426425
ENSG00000185133	-3.592113976	6.154801774	0.000350895	0.037426425
ENSG00000196498	1.487867752	7.769905889	0.000355357	0.037838963
ENSG00000197043	1.487867752	7.769994709	0.000359309	0.038195963
ENSG00000206503	0.681189751	9.883365769	0.000364457	0.0386786
ENSG00000177685	-2.266185762	7.074630486	0.00036745	0.038931369
ENSG00000167978	-0.603004403	10.26466482	0.000386051	0.04083417
ENSG00000100664	1.734095736	7.414810748	0.000388196	0.040992952
ENSG00000167658	-0.460530638	11.03293327	0.000393363	0.041469787
ENSG00000067182	2.462639149	6.577818725	0.000395008	0.041574378
ENSG00000088766	3.142965824	6.236515464	0.000403631	0.042411881
ENSG00000133816	3.142965824	6.236575977	0.000405354	0.042499975
ENSG00000221869	3.142965824	6.236595979	0.000405804	0.042499975
ENSG00000141503	1.77574159	7.310583555	0.000435791	0.045565597
ENSG00000064042	1.134096541	8.38086391	0.000447344	0.046696808
ENSG00000163682	-0.925107341	9.065357441	0.000477463	0.048636414
ENSG00000170889	-0.925107341	9.065307805	0.000482075	0.048636414
ENSG00000032444	2.389505854	6.512116917	0.000488673	0.048636414
ENSG00000107738	2.389505854	6.51211692	0.000488673	0.048636414
ENSG00000125872	5.602536899	5.447995642	0.000488774	0.048636414
ENSG00000243566	5.602536899	5.447995643	0.000488774	0.048636414
ENSG00000211642	-5.625094261	5.688963972	0.000488779	0.048636414
ENSG00000065618	-5.625094261	5.688963951	0.00048878	0.048636414
ENSG00000184908	-5.625094261	5.688963949	0.00048878	0.048636414
ENSG00000106785	5.602536899	5.447996281	0.000488786	0.048636414
ENSG00000143333	5.602536899	5.447996282	0.000488786	0.048636414
ENSG00000147010	5.602536899	5.447996284	0.000488786	0.048636414
ENSG00000166741	5.602536899	5.447996286	0.000488786	0.048636414
ENSG00000169242	2.389505854	6.51212277	0.000488891	0.048636414
ENSG00000112576	2.389505854	6.512123358	0.00048891	0.048636414
ENSG00000134873	-5.625094261	5.688947696	0.000489182	0.048636414
ENSG00000165175	2.774570072	6.448002504	0.000489216	0.048636414
ENSG00000100034	2.774570072	6.448002505	0.000489216	0.048636414
ENSG00000130303	2.774570072	6.448003569	0.000489246	0.048636414
ENSG00000088827	5.602536899	5.44801469	0.000489263	0.048636414
ENSG00000123338	5.602536899	5.44801469	0.000489263	0.048636414
ENSG00000127920	5.602536899	5.448014691	0.000489263	0.048636414
ENSG00000129270	5.602536899	5.448014692	0.000489263	0.048636414
ENSG00000157554	5.602536899	5.448014692	0.000489263	0.048636414
ENSG00000168389	5.602536899	5.448014693	0.000489263	0.048636414
ENSG00000183748	5.602536899	5.448014694	0.000489263	0.048636414
ENSG00000085276	5.602536899	5.448017724	0.000489312	0.048636414
ENSG00000163823	5.602536899	5.448017725	0.000489312	0.048636414
ENSG00000168016	5.602536899	5.448017725	0.000489312	0.048636414
ENSG00000204301	2.774570072	6.448009104	0.000489434	0.048636414
ENSG00000111605	2.389505854	6.512142317	0.000489603	0.048636414
ENSG00000173517	2.774570072	6.448085584	0.000492091	0.048731615
ENSG00000138758	2.774570072	6.448085601	0.000492092	0.048731615